7 2 1000 200 100
7 -1 8 1
0:0 2 0.1 7 0.8 8 0.1
0:1 2 0.8 7 0.1 8 0.1
0:2 2 0.1 7 0.1 8 0.8
1:0 2 0.1 4 0.1 8 0.8
1:1 2 0.8 4 0.1 8 0.1
1:2 2 0.1 4 0.8 8 0.1
2:0 0 0.8 1 0.0667 3 0.0667 5 0.0666
2:1 0 0.0667 1 0.0667 3 0.8 5 0.0666
2:2 0 0.0667 1 0.0667 3 0.0666 5 0.8
2:3 0 0.0667 1 0.8 3 0.0667 5 0.0666
3:0 2 0.1 6 0.1 7 0.8
3:1 2 0.1 6 0.8 7 0.1
3:2 2 0.8 6 0.1 7 0.1
4:0 1 0.8 5 0.2 
4:1 1 0.2 5 0.8 
5:0 2 0.8 4 0.1 6 0.1 
5:1 2 0.1 4 0.1 6 0.8 
5:2 2 0.1 4 0.8 6 0.1 
6:0 3 0.8 5 0.2 
6:1 3 0.2 5 0.8